,PhaseSpaceLow,ChannelCorrelationLow,CrestFactorLow,PhaseSpaceMid,ChannelCorrelationMid,CrestFactorMid,PhaseSpaceHigh,ChannelCorrelationHigh,CrestFactorHigh
0.0,0.015,0.7250046524909373,3.308137488639141,0.065,0.9614334599980066,1.9464704576938776,0.035,0.7950744483104141,20.613919186781494
1.0,0.0475,0.8184960274042541,19.111543954925295,0.055,0.9057427093105652,23.992574554305573,0.0475,0.9651638474722015,8.951565367431332
2.0,0.035,0.9066560285737116,38.44537452936211,0.0475,0.8802501415887206,27.370496804838243,0.05,0.9364400795077197,26.1871687316483
3.0,0.025,0.9572673388118781,6.429270398448588,0.1225,0.9785983143313994,16.599231623289313,0.0625,0.9986860922630145,7.531193230079559
4.0,0.025,0.9543776561629032,1.3287210824281193,0.0725,0.9675129476354867,8.566421041947013,0.0725,0.9832757350252422,25.326641016882316
5.0,0.025,0.9519795849689235,9.680749413168408,0.07,0.9382779279150052,13.194431599124595,0.0475,0.8783802251210113,40.36851373788692
6.0,0.03,0.9078277259635184,43.584992506098985,0.0925,0.9197901354970766,47.0189605168872,0.0275,0.8079558931569037,25.439667353119077
7.0,0.0275,0.946544419232765,20.94887567480898,0.0875,0.9641358758792468,16.385023662775218,0.03,0.9930702555812411,19.56960273670048
8.0,0.03,0.941533155896198,3.7861933110882573,0.0525,0.9321996084145732,3.0198351403836385,0.025,0.6754133741894962,18.06115604786781
9.0,0.1,0.9597307717836346,4.782088688024721,0.09,0.9106821926426804,26.731282838407115,0.07,0.7913206675324511,17.125714372955912
10.0,0.0875,0.940041354385507,8.745248158451934,0.07,0.9407572075094355,14.953821838191478,0.06,0.8069917311771874,19.058581483375026
11.0,0.065,0.9071487421276372,3.23644150213022,0.0425,0.9815759381997096,8.622141415384759,0.0225,0.9833998006448315,33.19764955032752
12.0,0.0625,0.9292132830290576,16.306586202024913,0.03,0.9456758289276841,22.562380336490037,0.02,0.7475710376381807,29.798547519441595
13.0,0.02,0.8282901321443866,15.982488476329014,0.1025,0.9920558820999553,13.985768085342594,0.07,0.8443006478868141,29.08456076417929
14.0,0.0225,0.9762920931783703,10.48717121843756,0.095,0.9920349039556619,16.289265623286713,0.035,0.854304534612618,6.2444447648949195
15.0,0.02,0.9801151863782464,19.12578707950385,0.105,0.9992872968456039,31.814717015370913,0.06,0.9801636714012743,32.45629004047914
16.0,0.0925,0.9704985600745157,12.485202465009113,0.09,0.9733092607097016,12.46330674216092,0.05,0.8706357280204707,14.793774271368036
17.0,0.035,0.942844207960782,23.83682424750716,0.0975,0.9214171671435323,11.243453104735297,0.08,0.25767399546290737,21.27749520320824
18.0,0.02,0.8876371104189249,15.14289827558014,0.1225,0.9832267112973269,11.35705788072044,0.035,0.540959969108421,2.965446642812317
19.0,0.0175,0.93008433314833,14.328368011247488,0.1025,0.9971048218342576,6.276636975247754,0.035,0.980022486385938,14.450138250675161
20.0,0.0125,0.9218078814815901,2.1820421540329202,0.08,0.9966230585188011,29.84993297800876,0.025,0.9731524377764487,22.726271894975106
21.0,0.0175,0.934516510043723,2.212324019629031,0.0675,0.9251985090710152,19.089348807939803,0.0475,0.33999349750452895,8.14850450184667
22.0,0.04,0.995443496164572,26.47132486737373,0.105,0.9957289746593477,10.899779271927683,0.0675,0.97090026280534,21.227310279002868
23.0,0.01,0.9131814973887136,8.273893470987892,0.065,0.9984238786624046,36.75631029483582,0.0625,0.9906278562930365,37.25009575939244
24.0,0.01,0.9472162895469189,3.1488033615138677,0.0175,0.9867064588951364,5.482766330006468,0.0075,0.9494153477400116,23.303172552623764
25.0,0.0175,0.9371345942944153,14.597235358446065,0.05,0.9658434054023243,11.115546285603736,0.05,0.2456265251982257,18.849105760653842
26.0,0.0125,0.9388983074611917,7.099344648343924,0.035,0.9986569939052015,1.6712861960019363,0.0175,0.9415121984297483,21.347198101362956
27.0,0.0125,0.9590976482685772,10.376047166407314,0.0425,0.9973628258045428,9.581381351401516,0.03,0.7914162104908093,20.35284870931578
28.0,0.01,0.9093157900088822,7.406054971498232,0.1275,0.9969122963484628,12.343758033742379,0.065,0.7263538184356337,17.514501923531228
29.0,0.0075,0.9169148799177544,18.390691603467115,0.1025,0.981230113708432,14.22200485358032,0.055,0.6099182006013708,18.883632424970905
30.0,0.0075,0.929629703733278,10.823142194492569,0.095,0.9948024234615428,15.848328208477898,0.09,0.9946659061679537,19.17346050912687
31.0,0.1,0.9777674006353534,9.079571730180104,0.06,0.93668362614761,14.295998630539025,0.0625,0.8837257805193349,34.92992352932794
32.0,0.055,0.9104027098870313,14.968419625024897,0.1175,0.9400591115225946,24.505204577448502,0.085,0.5900065750456562,22.506251222095273
33.0,0.0375,0.8871266574505602,21.720801640083014,0.125,0.9397470137723395,36.94792767612669,0.0575,0.5341973248965707,8.148705782015705
34.0,0.025,0.9544594316469421,12.097157942155093,0.115,0.9782250845981701,6.634729015559952,0.035,0.9773161403944997,21.219725656158545
35.0,0.0275,0.9604985908042318,4.0727686179375775,0.0625,0.9455136810536542,11.520151784650285,0.025,0.7592340820221847,33.006958420096716
36.0,0.025,0.924714263595826,25.784049723140484,0.07,0.8890251657602072,6.920020217062968,0.0475,0.48943699964985493,19.464652237621753
37.0,0.055,0.905242397025142,19.489897128907472,0.0775,0.9322844614382436,12.076390692258279,0.055,0.8626374357428255,12.330305994559069
38.0,0.06,0.8848118544932883,0.20577419826263393,0.08,0.9499588149835455,15.008713593341255,0.0625,0.9850822544499688,17.01190931520417
39.0,0.0875,0.9230434938565475,8.426766281429181,0.05,0.9359548974093418,10.225805750650917,0.03,0.9032696505891963,17.738202137413953
40.0,0.105,0.9342231433402297,4.711959310496611,0.07,0.8784876407371007,8.27663187046176,0.0425,0.3716797316315953,27.649855605715036
41.0,0.0675,0.8718227532031249,7.621076168866904,0.07,0.9282288658712834,13.884429453114373,0.06,0.8522077471737768,30.702976109615307
42.0,0.0625,0.9235389475453123,4.227638684048207,0.0775,0.9911180761347652,20.41602010742276,0.0575,0.9930531253842185,33.653844909266674
43.0,0.0525,0.9298753250481003,18.797415904589624,0.0325,0.9947296663037607,12.340943737190148,0.0125,0.7747253234340791,36.225175306503175
44.0,0.02,0.9275606574490962,18.28422038148094,0.0525,0.8607474049458141,14.513772645162344,0.0525,0.6309643189091158,13.163938494861874
45.0,0.02,0.9721022230534434,10.726935504671975,0.095,0.9745241399450836,14.995559867033414,0.0675,0.9276462317277703,13.717336855149345
46.0,0.0975,0.9924327964544231,0.01304064656418289,0.07,0.9663473416442737,14.859556369549505,0.0675,0.9715478630595459,7.291036468712276
47.0,0.09,0.9501534541042406,24.697631319585824,0.055,0.9666768789507639,1.2996023170370028,0.07,0.9091316301494337,19.51946353191101
48.0,0.035,0.9040992636103121,76.3957178476847,0.1025,0.8688058218103906,20.371868658776663,0.08,0.16705444539020378,15.872506547470287
49.0,0.0175,0.8434330881133388,23.596997747159065,0.0625,0.9752312912055118,10.549679428156779,0.0825,0.9722841446879167,19.51927339991864
50.0,0.0125,0.9497088977499912,4.262955489040285,0.0575,0.989720248436402,17.00121088201029,0.0675,0.9834076832207286,28.977017978974317
51.0,0.015,0.8725597197946596,9.48058621928135,0.0325,0.979779298294487,19.066462734892585,0.01,0.5901944045786826,15.718050341836836
52.0,0.015,0.9285389657584732,33.133767776379976,0.07,0.8708248867487883,32.61146166206907,0.05,0.49199648393498646,13.445042668633448
53.0,0.0125,0.9466816690825252,20.02816151309515,0.095,0.9822612724698602,21.838651437386524,0.0625,0.9633127058760135,6.5111908973506605
54.0,0.01,0.9332188555034985,6.42239039967881,0.055,0.9983085038084275,8.391947556032086,0.0625,0.9895124651867552,8.867059263880657
55.0,0.0075,0.9004071848971184,11.890372475514441,0.045,0.9792541879215618,37.830043868757585,0.055,0.6233802822764647,18.751127351072412
56.0,0.01,0.8745668881566406,10.960044506232936,0.0175,0.9108815646827166,4.503536139924163,0.03,0.08858056357894699,32.04512612419364
57.0,0.0075,0.8780596211103088,35.574443425617176,0.0975,0.9997983199569338,9.22557654715246,0.0825,0.9994893213906451,15.005357705465487
58.0,0.0075,0.9072625958443885,2.521483281540351,0.05,0.9986755659063205,35.508574154887285,0.055,0.9796358062826244,11.97667748784215
59.0,0.0075,0.8964927949339387,13.155737728246182,0.1075,0.9864873502681618,18.97080537570008,0.0675,0.6749424870592589,40.28613989448003
60.0,0.0075,0.830760976344972,7.647537960044036,0.065,0.9109261759863242,12.61136029366131,0.03,0.47921290983645737,11.793608410077102
61.0,0.0075,0.8972389042506157,17.942212074616386,0.0925,0.9877302810537634,9.000413035575122,0.07,0.9646579251490627,5.851485537169246
62.0,0.085,0.9577574212995636,6.56886221408739,0.0975,0.9583671906052453,11.436797126743581,0.0725,0.9342510326220296,17.831571117695457
63.0,0.045,0.8734279245443342,20.67123491390213,0.1275,0.891730725857945,19.39789799106511,0.075,0.27939487961847176,16.856349257414454
64.0,0.03,0.8105220431851964,16.960575907339546,0.1125,0.9272914248463904,0.0,0.04,0.30922629096582716,10.589665137171895
65.0,0.025,0.9484425775362166,9.515017097749741,0.13,0.9830834610402105,14.958933924401652,0.035,0.9731833837470761,18.145453500601338
66.0,0.025,0.9267742454006106,14.913590783304077,0.0675,0.9506132351556612,19.378170142424167,0.02,0.7014502763972331,12.402967868269666
67.0,0.05,0.9068927664388173,0.2820513964386639,0.0825,0.8224831839234545,9.17186015180574,0.055,0.27696841131407635,14.179864460287884
68.0,0.06,0.9297842928039745,1.1631096865111088,0.08,0.9514582778877221,16.95045967784509,0.0575,0.8442936940221188,9.03386858236515
69.0,0.0975,0.9411250847475306,7.120860874963971,0.075,0.9466945055995099,13.07281508124598,0.055,0.9689671561422636,17.178969298813616
70.0,0.065,0.8552062898019066,8.657804485658552,0.045,0.9139229125621575,4.065792035501248,0.02,0.586390295053807,12.930919334614401
71.0,0.0975,0.9298156510516615,4.004132767890555,0.085,0.8917486938721758,15.62125321399854,0.04,0.2405145712354867,11.058028411420818
72.0,0.0775,0.9061809527026967,6.7083678208010316,0.065,0.9780224104659525,10.212133722953904,0.03,0.8923589449881519,4.3436896768628666
73.0,0.06,0.9274956576120517,6.471251358270012,0.04,0.988145302597288,12.386469163123873,0.0225,0.9718164968191524,13.64247714061733
74.0,0.0475,0.9016600225819645,18.287836926542568,0.1125,0.998855669640658,13.14487950570701,0.045,0.9936473487531098,38.37389502787428
75.0,0.02,0.9682870401908075,17.795906242051533,0.085,0.9788810706480331,50.51577248490088,0.0325,0.5510770804105246,22.45086700000232
76.0,0.0175,0.9746368238786077,8.465901321063782,0.105,0.9960474031802835,10.949248779253061,0.0475,0.9760931880333545,28.775562778470068
77.0,0.0925,0.9863467891780038,2.7979090545712553,0.0875,0.9864949722011922,10.335996287477043,0.0525,0.9464720952284101,18.199857775804173
78.0,0.07,0.910809535367638,14.39688004420825,0.1075,0.9384570851333377,8.648817562168427,0.0775,0.3727128042209131,15.40975666885102
79.0,0.035,0.9368408152602774,29.372585249044892,0.0725,0.9240828452247294,13.786862758160964,0.0775,0.38535136296993544,18.568482518687027
80.0,0.015,0.9078127891573431,17.046083139359126,0.105,0.9917471386593458,9.130286845419558,0.0775,0.9718883934896199,22.484032635503773
81.0,0.015,0.9416071778041175,24.159062373182664,0.0325,0.9475074578606066,42.83320431793573,0.0225,0.46137941986388364,23.21895668171316
82.0,0.015,0.9166026059113633,7.950031878236105,0.1,0.989112499657267,22.620421727554806,0.0625,0.5290724927660011,11.847165091714766
83.0,0.0125,0.9575314264380308,11.486274721072276,0.08,0.9823650316873153,22.622236728383083,0.0575,0.804690914203886,30.637434491207145
84.0,0.01,0.9373847063319848,6.28935370468686,0.07,0.994983824674068,15.566760338883705,0.065,0.9951990834288588,27.14184470370889
85.0,0.01,0.9330468654732609,25.544596880440636,0.0475,0.9950016850593434,26.56866227494278,0.045,0.9248741479795762,21.460341129033075
86.0,0.0125,0.9310503719228671,16.467058432436453,0.075,0.9632590103523199,12.544503491257466,0.0725,0.40524994522833113,11.715374207182073
87.0,0.0075,0.9082636106663581,7.212406871883,0.08,0.9995960506567084,6.827665895081616,0.0975,0.9862514197500526,21.48221146901254
88.0,0.01,0.8984403349398685,5.5684615600283625,0.0675,0.9993924132829002,15.214618813490796,0.0175,0.9944361705660686,17.87646322422382
89.0,0.01,0.9392730166278621,13.372373191282843,0.055,0.9988935358506809,18.5629295769315,0.0725,0.9834925172941577,41.599344725703844
90.0,0.01,0.9203369039700466,10.8179965709671,0.05,0.9285224416884855,16.25713101351968,0.0575,0.5932704032431381,10.164847755866788
91.0,0.01,0.8955448183348673,38.31524119779675,0.1075,0.9928385502363345,20.182842037324033,0.055,0.9598929628281591,31.589643633155436
92.0,0.035,0.9787126662874754,7.019422838808156,0.095,0.9940203789310825,11.53366592309844,0.0425,0.9591663423621916,24.386222750554417
93.0,0.095,0.9607038866837063,35.78061275210644,0.055,0.9342987550729116,18.12722927925823,0.0275,0.9018799817446587,8.007743086480094
94.0,0.04,0.8949208738720581,20.011778797292873,0.1025,0.8927884200523735,15.786594655871951,0.0775,0.26537223837993434,17.02520567949649
95.0,0.0325,0.9205532076928633,32.79215959109974,0.1075,0.942649791225121,8.073773207069216,0.0475,0.8312244976276598,18.86264641324626
96.0,0.025,0.9363692397813573,45.64956949142237,0.1,0.9725788058511865,23.981644222617224,0.07,0.9841402322045445,48.703252124742946
97.0,0.025,0.9502615696757302,8.133884163659213,0.11,0.9868668152547079,24.93823322511622,0.055,0.9802142043758971,3.7416206084767243
98.0,0.0625,0.89322949018178,0.0009557258517398739,0.0875,0.9221885535242041,18.347211469388235,0.05,0.5445596387446642,17.525872741195396
99.0,0.065,0.9132685749222085,4.681157117285984,0.09,0.9757380021016492,22.439458203951432,0.0725,0.9728958034182206,26.9323343171164
100.0,0.0825,0.9290469372730876,8.381649967859305,0.065,0.9401844341910323,28.4310452304727,0.0475,0.9349141547621937,16.844376774564672
101.0,0.0825,0.9244083191918744,10.9829951134724,0.045,0.9239013795204758,4.918013746726089,0.0675,0.8819013550427331,23.266266070867395
102.0,0.0675,0.8804431182009604,16.208583317282525,0.0725,0.9207354815243854,10.01718535579111,0.025,0.789264361475146,22.284107056379447
103.0,0.0675,0.9263255772486001,1.9346417297660783,0.11,0.9842104623387654,9.377456360193225,0.0425,0.9610233847835234,24.44891100042737
104.0,0.0575,0.9216433597468027,8.30870491676863,0.0925,0.9983310384582968,16.63561000506768,0.0375,0.994199197013406,20.61915407231148
105.0,0.0275,0.9149337116451586,6.056537670177187,0.0825,0.9957713249445478,9.750900768434182,0.0325,0.9053291371576725,16.518955080981375
106.0,0.0175,0.9152154366541607,25.223873610839583,0.09,0.9974921474584547,13.656819682376069,0.085,0.9714859703657327,32.339465193996176
107.0,0.0075,0.9381171850198627,17.34263838600102,0.0525,0.9962361560058416,6.436720383450708,0.055,0.9918789052936589,9.601106594182456
108.0,0.0025,0.94515511225712,10.205508960928118,0.095,0.9979619601776893,18.703479033843294,0.0825,0.9871735765507071,29.59317091767352
109.0,0.0075,0.9513160349378642,13.211181670210877,0.0625,0.9953092281901325,21.710133714037255,0.0725,0.9786448795263926,18.97936393393645
110.0,0.0025,0.9080471096584513,22.357150053707628,0.105,0.9986494384453001,12.247219350715174,0.045,0.9509300577971749,37.9931135787625
111.0,0.0025,0.9464338092212594,23.227075748574258,0.0975,0.9993634712040641,20.730707994329354,0.035,0.9845899953381774,11.93977334372304
112.0,0.0025,0.9755472226519485,7.619071525462495,0.075,0.9980298750329776,24.993000018105356,0.035,0.9439048531820643,17.597694046944945
113.0,0.0125,0.9154258460875867,11.500187056327555,0.07,0.9828893161733444,13.08134231226466,0.045,0.8866203360289827,40.62559684731145
114.0,0.015,0.9526615212835077,44.921857313253895,0.1075,0.9953934954530195,5.398229094278685,0.05,0.9634448048302033,2.7137031911500875
115.0,0.005,0.9397998263589553,1.9176277235403947,0.0625,0.9902449259312089,17.095146436090257,0.0625,0.9491840752379772,25.45062372062846
116.0,0.0125,0.9066721718256695,8.534307760708742,0.105,0.9971550740884183,8.56383938955515,0.065,0.9735998168270601,7.8970087454955955
117.0,0.0075,0.8613050265424869,16.150141490497663,0.08,0.9936759587006742,11.574829641742886,0.0425,0.8777682361096888,21.990146491403948
118.0,0.0025,0.9681552705963122,15.508404463487672,0.1175,0.9985436344734122,12.102288146226371,0.0725,0.9855134402826837,11.198505243810036
119.0,0.0025,0.9129256382252174,5.542809531750486,0.0475,0.982759561341193,7.896558689998264,0.06,0.9425492847893048,15.416798349630517
120.0,0.0025,0.96462285156777,4.43501118050023,0.0425,0.9946053043298386,18.19456109604075,0.0625,0.9855503466890346,30.212703313218068
121.0,0.0075,0.9658860287657605,6.61236066560618,0.07,0.9737487779572589,15.399544441767416,0.0275,0.7287966212025169,10.83547017042517
122.0,0.0025,0.9736383894308085,10.501376178082129,0.1175,0.9944983752683153,37.28449473287253,0.045,0.9389991904675675,28.256848604351315
123.0,0.015,0.805011523216519,8.299014029663391,0.055,0.9512161208238699,2.536890842941852,0.025,0.7402756494197561,7.511026887779834
124.0,0.0175,0.6994450267560185,24.64603064874527,0.115,0.9860486727830088,13.303000287940883,0.0375,0.9691655831896633,20.30097697358295
125.0,0.03,0.947248918899259,26.5504658095128,0.075,0.9552290904537953,28.070998238034495,0.0275,0.7853219852343423,2.792502668384035
126.0,0.03,0.9507674177912604,4.563813109678231,0.1175,0.9828795015315849,2.242184676424853,0.0325,0.9905860873471315,3.0098252462525203
127.0,0.0225,0.9450965004221522,12.423388470262235,0.1,0.9795395151815611,22.791191973455476,0.0575,0.9742173040716157,19.811803187933176
128.0,0.0475,0.8923843211597935,14.17230636314584,0.0525,0.8915052098673067,5.900428400178578,0.035,0.9045203975627253,22.233594769557833
129.0,0.06,0.9136073027430281,6.189964937335128,0.06,0.9213656964409815,6.902643331020158,0.0225,0.754772885933566,16.600857016487545
130.0,0.06,0.9237122066068446,2.9620346208744808,0.085,0.9712541341405243,10.82122300800311,0.04,0.9688164496580821,37.35463756887804
131.0,0.0575,0.9367130218644524,5.034250504060012,0.07,0.9581440521450166,25.425607635727317,0.0525,0.9335264975501092,30.21590138666049
132.0,0.0975,0.9477106598567724,3.5019241780538,0.0825,0.9153900714902891,12.028300921495063,0.0375,0.39781394138080306,32.930432593288664
133.0,0.075,0.8689321089240751,12.954648342362978,0.0875,0.9668058235278316,13.37793902139293,0.0425,0.684876399620966,19.90933391049769
134.0,0.065,0.9379734004385641,2.916193018010232,0.0675,0.962448120165286,11.194900549667771,0.025,0.9739363749310266,10.647254322267766
135.0,0.055,0.9158755648108113,19.19564417381292,0.035,0.9636368573424996,30.259080200454576,0.02,0.8360584541281811,27.216252720546926
136.0,0.0175,0.8988314286949787,7.113014133450309,0.0675,0.8784475391079387,2.724392839972926,0.04,0.2756684192800019,14.023819488619688
137.0,0.02,0.9531719119821641,35.19893366161543,0.1025,0.9731044403770007,24.02823335191045,0.0525,0.7908510981393999,18.583440115002855
138.0,0.02,0.9759422582587434,21.870341174366253,0.0525,0.9927043799464066,12.144037671254095,0.02,0.9268268296296586,20.029371314625372
139.0,0.0875,0.964214449281467,8.337602237793817,0.095,0.9755809663474032,34.39193019781343,0.0475,0.8886183046514139,38.34027725456319
140.0,0.04,0.9329167819564869,24.86813208326581,0.11,0.9081276730301634,17.997331715432875,0.0875,0.3902549985285228,29.30176299115208
141.0,0.02,0.8920323884504181,19.637613334959315,0.0825,0.9846985718116363,14.48013687287791,0.0775,0.8114787612034355,11.033714638053532
142.0,0.0175,0.9294025292032324,7.650171870958147,0.0475,0.9802249035765543,11.37558282155922,0.045,0.9845091008584023,10.494917715807563
143.0,0.015,0.9110008623235115,3.9401314459462733,0.055,0.9843550939861352,17.482369191420574,0.07,0.9965325675663479,14.112492519543265
144.0,0.015,0.9157785063654252,12.272395387348762,0.0625,0.9187624965699488,10.400769685738426,0.0575,0.6680155980938485,14.887270825311898
145.0,0.0125,0.9664453597344793,16.32857282662796,0.08,0.9708517697927842,12.396976046179283,0.1,0.9707039877129703,9.674908866646975
146.0,0.01,0.9486690519141571,6.912259787155314,0.0375,0.9952025987735357,11.054668716538957,0.055,0.9864943947552188,19.537192032794
147.0,0.01,0.9415269051917404,2.2203046893364147,0.08,0.9992912274602571,45.390067728639664,0.0725,0.9963643478242769,47.625891402917276
148.0,0.0125,0.9127956228698508,4.848588877819091,0.0525,0.9660648579068978,8.893451748564232,0.0475,0.38043329766442746,21.679797394205536
149.0,0.01,0.9590495094610711,18.096081608556396,0.12,0.9998404805405493,9.933317523531347,0.085,0.9975707054747849,17.258741822919458
150.0,0.0075,0.9100168723446143,6.082142500402518,0.09,0.9996629006396477,21.11136426218976,0.0425,0.9724410579652691,6.3225627008140615
151.0,0.0075,0.9247181736033557,5.658141139655571,0.075,0.9944674567544913,21.179584464654827,0.055,0.8664190727700267,11.241660136444441
152.0,0.01,0.8871832537808091,24.036016635414224,0.0575,0.8530192227434552,11.223030299234429,0.06,0.48713080162069194,15.306570137051253
153.0,0.0075,0.9535761094314846,23.98542973601499,0.0975,0.9848708751183352,38.53501481339585,0.0725,0.9606892646560862,28.05852664055375
154.0,0.1,0.9833160006931123,3.0754337692811613,0.075,0.922167599037143,19.17619505063533,0.0475,0.7978479773763326,27.208380120414972
155.0,0.0725,0.9316910182400088,20.49231177214483,0.1125,0.939582165152771,4.2268532477498475,0.0675,0.3882394810701575,10.091339814917337
156.0,0.0425,0.8822512996974524,32.572842427877426,0.1,0.8962978235874538,12.808246079079877,0.06,0.29163434816919853,7.5450602359475605
157.0,0.03,0.9251477978851622,16.475223688564807,0.0725,0.9369456766571852,12.930077125865726,0.045,0.9626815313347792,23.6074104956992
158.0,0.03,0.9422482369401138,2.2834598641229227,0.07,0.9375384935393027,14.712883273465629,0.0275,0.7593758774291167,25.621427968783166
159.0,0.025,0.958154458796872,13.897811638367223,0.08,0.9454292695961851,30.715313594751635,0.0525,0.502409218459196,22.370186820158196
160.0,0.065,0.9211831392877035,1.3042905656052028,0.085,0.91457971735613,12.247618948324583,0.0325,0.4225254155682135,9.581279602598208
161.0,0.065,0.9257533827346783,12.339289433479674,0.0525,0.9097211035771164,7.726468162794529,0.03,0.9550654583366588,4.467965462358652
162.0,0.085,0.9516052133051195,15.338325410085972,0.1075,0.973326210020407,5.886018093301448,0.065,0.9580171988346745,25.021061599755697
163.0,0.0925,0.9329304646145661,38.92112367103959,0.1075,0.9601030458245375,8.415350530504472,0.0575,0.7624345128048462,20.974972880793473
164.0,0.08,0.8836282866491784,7.613323779982738,0.0725,0.9439761944377424,10.936722053137904,0.0275,0.4721929122602905,32.313109168757165
165.0,0.0575,0.9101794187425741,1.2915459454131826,0.045,0.8789222988399755,21.395307706731987,0.0125,0.6165776941858927,8.99277358637869
166.0,0.0575,0.9240038428517876,15.864792717467022,0.0175,0.8729758557474749,6.35654120444466,0.0125,0.4798530115649225,16.07688453587107
167.0,0.02,0.959945038532016,23.740184156203803,0.055,0.9585374358015543,2.9003863842061524,0.0375,0.4952606147983748,22.661904520781817
168.0,0.0175,0.966741104619529,11.988428510161528,0.065,0.9803128903836207,3.9393134386423267,0.0475,0.9296725840082426,21.996230586668553
169.0,0.0375,0.9753477132378617,0.0,0.0975,0.9961958180558135,11.150605500681394,0.0625,0.9752726068091496,18.981678479247282
170.0,0.0925,0.9599643300879658,17.31559055850019,0.0625,0.9392573181598521,17.54339009715894,0.015,0.5033603473785454,30.60519512541895
171.0,0.0325,0.8741549916449035,12.364402159490949,0.1175,0.941425109846079,18.123293257816567,0.0825,0.42999778517729925,25.703741562719316
172.0,0.0175,0.8649019885938397,15.089442995588392,0.0325,0.7949827830623274,14.649804586979016,0.06,0.9118428882044199,30.212787179989036
173.0,0.015,0.9323041982220432,23.24691969708567,0.0525,0.9599242979554782,5.96292500148042,0.0625,0.9875555475390428,14.596821601435977
174.0,0.0125,0.810345200639684,9.93311459984421,0.1025,0.9983344071366945,10.60874337704667,0.035,0.9939270700650626,14.3292586223548
175.0,0.0125,0.9092080594798679,21.439828921236955,0.09,0.9795809859526577,27.96221262987109,0.0525,0.5893968497646443,15.182076235095323
176.0,0.01,0.9468674260094705,4.648907650274849,0.045,0.9698119702152163,20.143200968451765,0.035,0.875562937824424,20.191155485401595
177.0,0.01,0.9395404299914878,18.729244385481895,0.1075,0.9992567430210658,16.4975495119109,0.08,0.9884244561771524,34.25595496252448
178.0,0.01,0.9269807850948574,12.905372180392042,0.0475,0.9890530870923534,20.50423154490266,0.045,0.638771744562597,4.844567830005429
179.0,0.01,0.8751329163330873,9.07354831035205,0.0275,0.8611753712083864,16.14009928027703,0.0475,0.34043689715478104,20.565038810771803
180.0,0.01,0.893315526413325,10.713891342990838,0.1025,0.9997798837411322,6.395340401140216,0.085,0.9976070820088602,5.144915319700418
181.0,0.0075,0.8972410542757411,8.846422656815538,0.055,0.9987667554690304,16.81758052446033,0.0775,0.9800085342322706,26.336688762126332
182.0,0.0075,0.8279543700584874,2.261862977092716,0.0325,0.8579617323160397,8.248546074688106,0.055,0.06490314683207524,9.473401859137086
183.0,0.0075,0.9122480189522834,6.652508910931187,0.1,0.9882590573092376,12.623925908193044,0.0475,0.7853388439180387,18.381798648925255
184.0,0.0075,0.8339362478964412,6.8439661111950825,0.1,0.9950639585778945,31.18788419100732,0.0625,0.9873948935902909,32.36702127625568
185.0,0.0975,0.9674588715392589,14.759275285272475,0.0675,0.9252479310939368,17.440174784052818,0.0425,0.6568916579817031,25.137681989828643
186.0,0.055,0.9221480290015376,10.763706671915543,0.1075,0.9307941864918338,9.165944718450062,0.0825,0.3360402058758944,9.838072897873962
187.0,0.0325,0.8806176112257148,2.0264835315294545,0.0625,0.8981147998412934,26.14662312926473,0.0475,0.47287629870074377,22.63619648947077
188.0,0.03,0.944384738055659,5.702363889935739,0.075,0.9395618639284319,12.053161765531069,0.0325,0.9284311511006669,4.2535254237749385
189.0,0.0275,0.9409595455443442,27.78971813261434,0.075,0.9585779440161257,18.094442216620422,0.0575,0.9717834983693847,11.401749930066966
190.0,0.0375,0.8709042087120704,8.335309134209982,0.085,0.9115541758806233,13.219258334849961,0.0575,0.6053984522614474,25.683647694886787
191.0,0.06,0.92182365697761,2.450180578842199,0.08,0.9392294616904616,20.468620553522623,0.04,0.7729726027630792,16.975774179837686
192.0,0.06,0.9212321579820469,8.616731164284976,0.0975,0.9808186423400866,15.236844874266072,0.05,0.9437358941637173,9.7760396894754
193.0,0.0825,0.903236858879481,22.09483947260747,0.085,0.989970285436878,17.815901484518683,0.0375,0.9407845131932846,14.099327630626119
194.0,0.09,0.9304223125364214,6.525639936702427,0.085,0.927480096657408,10.998355826492517,0.0475,0.40235777652225485,7.3586989249789845
195.0,0.08,0.9389043829831101,30.471518899266073,0.0725,0.9597437506298017,15.311021822671712,0.03,0.8348658480754317,27.48302401756432
196.0,0.0725,0.9401793287510654,15.896296844713172,0.04,0.9880804136586723,37.19027715585018,0.0225,0.9764857169339007,33.195182503314015
197.0,0.055,0.9070598533954872,30.78305782048215,0.0275,0.9878348542703042,12.762142293375478,0.0375,0.9836942158436993,16.083924079001257
198.0,0.02,0.9624645942518991,15.208703466391707,0.075,0.9868916994413506,4.924075060535112,0.08,0.9408148005441948,11.165084816114714
199.0,0.015,0.9688871478402308,0.018197510251874424,0.0875,0.9965800043147893,8.674730573999065,0.0675,0.9920709807347318,54.30430981805846
200.0,0.1025,0.9943752330050085,4.867292935140704,0.0725,0.9526201271007971,27.953830189916626,0.05,0.8766900119018058,18.523758928005673
201.0,0.0725,0.9369394970224602,20.707665126689818,0.1025,0.963793118836088,10.192321485408824,0.0675,0.8267553752961373,17.28853166739187
202.0,0.0275,0.8130175753760248,8.289757692090264,0.105,0.9155789236269041,21.265844752640426,0.095,0.6506915380016388,7.9759714191824385
203.0,0.015,0.8588616155468354,3.7252712721192682,0.1,0.9847835531825754,2.415500485695032,0.07,0.9783236298086733,30.49675998066014
204.0,0.0125,0.9544969701812984,6.261857216630807,0.105,0.9966658241207196,31.345777726978458,0.0625,0.9820765008296682,25.426376383985176
205.0,0.0125,0.9089002242849392,7.609602843429099,0.09,0.9930322700682876,32.79998133548977,0.065,0.9459622669044392,15.204140276549117
206.0,0.0125,0.9613840750928422,5.685949697113571,0.065,0.9701721477121256,24.929668198348928,0.0825,0.8129044385325331,29.570584798978278
207.0,0.015,0.9573156820473014,13.364612513211654,0.0975,0.9949257378893048,14.901269498451988,0.045,0.9663351056316215,19.148618828350944
208.0,0.01,0.9258665638320666,9.91927558645605,0.0775,0.9976131895047198,31.965510578965002,0.065,0.9682140848458556,30.10765048480096
209.0,0.0125,0.9424977157943244,34.03132092669582,0.12,0.9969325126794202,43.25835996423809,0.0875,0.8202681702132082,11.766375089567209
210.0,0.0075,0.9258548398784194,2.792100472221862,0.0875,0.9993373174480692,12.011684489040874,0.0475,0.8284167021628517,15.491209225167852
211.0,0.01,0.9016638239515143,7.687668736103034,0.0875,0.9997178654814652,26.179649957411037,0.035,0.998445381183573,13.949799156166394
212.0,0.0075,0.9188376663000881,15.730296994931024,0.0775,0.9994496364041512,18.860748550637148,0.0525,0.9200784096211824,15.049469049255679
213.0,0.0075,0.8718713907784926,7.71386645824871,0.0525,0.9515854492477152,6.590491675553936,0.065,0.7435993662017532,40.276624511148725
214.0,0.0075,0.9083369266316453,15.167739063944449,0.0975,0.9882761086224902,4.960496226397088,0.065,0.926340935853362,9.606165210871259
215.0,0.0075,0.8911435622295507,6.135892722907773,0.095,0.9967097258439878,15.509046327211898,0.0675,0.9899963817212463,19.49845796270158
216.0,0.1,0.9629858382975439,14.592093290975285,0.0725,0.9374738618164167,4.740036338131004,0.0575,0.9325764843985898,13.89552085054152
217.0,0.04,0.8071250126105065,28.903010622573333,0.1225,0.9068696377549209,15.187736288545617,0.0675,0.2878097948061617,14.91403093299023
218.0,0.0325,0.8544857519592155,11.260117351333498,0.08,0.9450003379620434,9.845267773484043,0.065,0.9289463037028288,56.703403606213875
219.0,0.025,0.952078566771826,25.505540128664723,0.08,0.9343468944623581,24.6865241058277,0.0625,0.981951973076093,47.5147269525564
220.0,0.0275,0.940453476097108,11.637151892098416,0.0875,0.9750430654784633,9.771557154262316,0.0675,0.9805117517112054,17.330043495809445
221.0,0.0425,0.8771472590191212,26.297140169460434,0.0925,0.9130682838165333,0.28703770099362486,0.065,0.7241790421161578,20.12796937437144
222.0,0.05,0.9123824387698192,5.410558212427859,0.1175,0.9856886122755711,6.611804949687715,0.0625,0.9693878684575619,5.107738235274652
223.0,0.0925,0.9391093172422341,20.191510067250928,0.105,0.9789202022286182,10.385953928967488,0.0425,0.9597253114641818,34.9368477049645
224.0,0.06,0.9465174477216776,24.85091324151732,0.0575,0.8855115995671337,8.215737621419425,0.045,0.34238321045386644,25.34395319922249
225.0,0.1,0.910309499817429,5.987222898135318,0.0725,0.9017578305747824,18.70728728367938,0.0275,0.5051351361410119,28.911230108164006
226.0,0.065,0.8980085807033971,7.246190810655574,0.12,0.9797237727347686,20.584396388192815,0.0325,0.9532763421216547,8.077761779250629
227.0,0.0525,0.9129563766016114,33.892106181241964,0.055,0.9930087075531294,17.30693997455021,0.02,0.9037223229890095,17.176932753939525
228.0,0.045,0.9334831488709332,0.0,0.095,0.9743546894103563,9.803037044705508,0.055,0.5348604936956526,12.727362539457319
229.0,0.1025,0.9625909092475947,13.949868363511435,0.0575,0.9382223263294911,11.021329306845388,0.045,0.6895558076958533,18.87044860334504
230.0,0.02,0.8276597708790576,34.36605817734214,0.085,0.9941131077239796,12.227463208375116,0.075,0.9923626323165702,5.010139586970729
231.0,0.0075,0.6751110733629596,4.326721796189423,0.0625,0.9948827923012383,25.783013127993783,0.0725,0.9849976688680461,55.97505494714714
232.0,0.0325,0.9575505241972477,5.22147707258431,0.1175,0.950521111987489,5.25143985047222,0.08,0.34999362854274213,4.1563107407564
233.0,0.02,0.6886129762818481,13.540548829880755,0.08,0.9438671055630469,6.665318055760671,0.0675,0.14555095416976055,39.4818770053327
234.0,0.01,0.810990116022344,33.55587671385274,0.085,0.9917596441262005,15.649761951940109,0.06,0.9642265405577541,45.465841061595825
235.0,0.0075,0.6446594272373588,3.7187031144420764,0.0775,0.9835520974665385,26.211589087519172,0.065,0.9340827550891696,23.808333842988656
236.0,0.095,0.9761979191748603,30.45870947713002,0.08,0.9337255654190965,23.74708528392556,0.0725,0.5905708735880787,12.105771801384853
237.0,0.0825,0.9123233417375577,46.45132658292596,0.0575,0.9569749570642561,22.358947789980043,0.05,0.48781723823757667,21.124861752473336
238.0,0.015,0.76731713150886,22.8150741946542,0.11,0.9961507784947887,8.397258201442467,0.04,0.9551793892643026,9.573123235117878
239.0,0.095,0.952440263853366,12.676843317437914,0.0975,0.936111246672826,17.204773703063626,0.0575,0.6714715811909993,60.35245644692416
240.0,0.0375,0.6998763039179876,38.62181463043617,0.0425,0.9625001647473113,19.954342769814602,0.04,0.7869034032184303,29.468382490854836
241.0,0.005,0.37537965747904983,19.206042687005798,0.0325,0.9795613884402602,43.63417685560804,0.02,0.7914592715285736,27.284835650835074
242.0,0.0075,0.9972496077791716,24.8810304019703,0.11,0.9974575026947825,12.00533007221634,0.0775,0.964219305225831,13.820571386013674
243.0,0.0025,0.9986711981727695,11.262191460190252,0.095,0.9987095003604465,23.423152727228498,0.0825,0.9958723844907621,19.326210375578675
244.0,0.005,0.9677651662387502,10.286753322371776,0.0425,0.963533997400977,10.24924145167671,0.05,0.8723510305117618,15.669121803604353
245.0,0.0075,0.9880088294220105,0.19055815275307478,0.065,0.9846093352117369,13.218417661447235,0.0625,0.9820668673517938,36.45861434738252
246.0,0.015,0.6296851219689755,0.0,0.06,0.9740203863092767,14.570908053406036,0.0475,0.876844787706113,15.24671588548934
247.0,0.0175,0.7768693272761096,12.827295525992866,0.1375,0.9809162123670905,20.11955481548709,0.065,0.9577904184150083,19.08660284823034
248.0,0.04,0.905696137148043,2.500569018010776,0.085,0.950323866968517,10.089372526030552,0.0275,0.8123116515418565,10.719379871972311
249.0,0.0325,0.941763058961624,46.84718757429471,0.0825,0.943602478469741,12.49135874400459,0.0725,0.9926765436225876,38.04365465273234
250.0,0.0275,0.9480940799915398,2.704043651961405,0.065,0.9411883606809777,30.097851243909105,0.0575,0.964164031335925,28.567659486505917
251.0,0.0275,0.9475197410521309,6.939832717310309,0.095,0.9813972309390938,28.083429621653913,0.0625,0.987005103588577,35.260909407662055
252.0,0.0325,0.9515060114466768,3.5504931356697034,0.1075,0.9443552871961028,29.136988082561665,0.0725,0.9466303613654773,16.78935897149733
253.0,0.0275,0.9355184792205384,28.502125957670774,0.1025,0.974652660806032,11.360051322794138,0.0525,0.9916105793407587,36.07636803473498
254.0,0.03,0.935298325815465,26.085820723233613,0.095,0.9645678795842877,8.719204119220548,0.03,0.861640200930879,12.793066338358013
255.0,0.105,0.9617053174114957,3.1399005364104946,0.08,0.8705190636504798,19.014503333824177,0.0425,0.31955980105017956,25.88571804512448
256.0,0.095,0.951759077609272,11.79854069236881,0.0875,0.7465471781112615,12.561089824289715,0.0375,0.08634174047268434,11.719006687496865
257.0,0.065,0.8827728528964809,5.246646927997881,0.085,0.3998007840034353,23.6300507142465,0.0425,0.44718473332236414,9.862608280871289
258.0,0.0625,0.9067253457503928,4.383817000557965,0.075,-0.06750546885608974,13.657633305449941,0.035,0.17468367663970052,9.024058562996974
259.0,0.0425,0.8613490471758344,31.510719191331688,0.0675,0.13708629628176022,10.992807309454687,0.0475,0.08649311201570223,15.864476539455811
260.0,0.0225,0.948780315016596,14.42271188716196,0.0875,0.5839350752831832,7.671416153916905,0.0475,0.1858276272090325,8.65694846650035
261.0,0.02,0.9318433953911117,29.78030366854641,0.1075,0.26390824553176745,54.205780669878614,0.0425,0.0841733757835767,18.304330830233067
262.0,0.085,0.9647090207706668,22.144089350975285,0.1075,0.31770617847449917,30.119627336549122,0.0425,0.1705912814986489,12.874089674863692
263.0,0.05,0.9134198918189562,32.557174389679005,0.105,0.8058561141873901,15.45379166807086,0.085,-0.10878588045484022,9.80773013181514
264.0,0.025,0.7729105768360491,16.654236805395268,0.065,0.4700612957680986,9.08971140645506,0.0675,0.001780877639437433,16.313452543253895
265.0,0.0175,0.8065853741406116,11.747494138986935,0.0925,0.33051937502174294,14.859861744454987,0.0375,0.31877658143645604,9.661197002322892
266.0,0.015,0.8864027010651178,3.783863434477987,0.08,0.5306907929004884,24.31669007555567,0.04,0.2761228055447009,6.820268727116004
267.0,0.015,0.8313016002743477,6.831397536134627,0.0875,-0.11925935724360899,6.570409820444722,0.0525,0.05011487262078225,5.826955226929627
268.0,0.015,0.9234329727812114,11.889117045654281,0.0975,0.41593349298513804,3.9133773107359486,0.055,0.2885666826711988,15.07374535400131
269.0,0.01,0.9361275710212856,17.095453675049793,0.06,0.11410484434694801,29.28831338458775,0.0425,0.3124758686436373,6.932163190062171
270.0,0.0125,0.7780285850454609,11.32550049142611,0.09,0.21043269218005228,0.2388507224172235,0.04,0.1553372237778205,6.498744785107973
271.0,0.01,0.7338173594485783,12.699339535757355,0.095,0.07845531845627836,9.405520940254817,0.0475,-0.02527448674983101,31.627151589179213
272.0,0.0125,0.8184681632763537,15.470932572309158,0.0975,0.03147912427450634,10.869640757660912,0.0375,0.13255439905575214,20.367243843261615
273.0,0.0125,0.892286640905977,14.59447592873689,0.1075,0.2858412033272108,44.56846145647076,0.0375,0.1255635674489398,19.651555162060223
274.0,0.01,0.9046480852071562,13.636510148011574,0.115,-0.27291234645032436,24.786464632177925,0.0225,0.28458062696840547,15.417475722788973
275.0,0.0075,0.7402536088348456,1.5222211539845176,0.0975,-0.20677096579427198,19.373590632331304,0.0475,0.07009132312922246,21.369765395963668
276.0,0.0075,0.6957750027099382,28.873287284558433,0.105,-0.13050816979648303,19.192808476213813,0.0325,0.252295617178641,28.968403349201715
277.0,0.095,0.9883648469502467,7.209072117541993,0.08,0.3789088382623819,10.297117059812688,0.045,0.3006104608455052,25.295449178801597
278.0,0.085,0.9423229390506388,22.65555017479386,0.115,0.5696990286143123,5.814247591676748,0.065,-0.009305234978491546,16.64788930836577
279.0,0.04,0.8092885508971663,19.360687021160455,0.125,0.44820955769443016,15.472588716604854,0.0625,-0.08283922437154806,24.04126959498646
280.0,0.0225,0.9401912142427125,11.785876125471386,0.095,0.48840325118767713,5.5768416214091685,0.025,0.33365920083274886,21.427042540590577
281.0,0.0275,0.9626746287299458,5.688803061591372,0.075,0.6744137632995957,33.22376972905704,0.0175,0.44520532290080833,18.52691053046007
282.0,0.0275,0.9496841239830165,14.375584586717965,0.0875,0.8320487378263282,8.810305245588712,0.0525,0.1633188923935513,2.7798831486925986
283.0,0.06,0.8925664313084739,29.28180201694502,0.07,0.7793585091498715,10.603907588066948,0.05,0.29965934826101687,52.63402366097135
284.0,0.06,0.8994562335857194,9.708233228639088,0.0675,0.8107129722234956,13.945157100270166,0.045,0.6719305198341963,26.157655652492995
285.0,0.0925,0.9408810607052284,3.6143625121068195,0.07,0.8805482376003294,24.52896975162323,0.0325,0.8583924870215704,5.797385970010954
286.0,0.095,0.9479533108158334,11.878811823768965,0.09,0.8845685225638433,18.981330017652187,0.0425,0.6366495536754386,26.94433229150537
287.0,0.0975,0.8682126915161736,12.980804330965128,0.095,0.5725170480750528,20.552345319704067,0.0375,0.17222676757906788,14.943834817355746
288.0,0.0575,0.9265330466836629,0.9071537103418814,0.095,0.4268929341171698,14.843098079452483,0.03,0.22178846751697737,10.663756862763547
289.0,0.045,0.914222920688956,8.607999383012082,0.09,0.38015806469385627,5.906562504008132,0.0325,0.04019563938007708,8.586712464884025
290.0,0.02,0.8844692762391215,9.970284137299586,0.0775,0.37575379840914885,26.64413620678395,0.045,0.24495714619868808,34.44016905661791
291.0,0.0175,0.9217032022757641,19.26798300636517,0.1025,0.3612623724341577,15.54086206312694,0.0475,0.1327772645775681,19.945136395951202
292.0,0.015,0.8928006943848427,12.23117555238039,0.1025,0.18607614259552066,27.213092088733063,0.04,0.01575913556131652,8.309764305819394
293.0,0.0875,0.954478786617145,8.32549407303172,0.0975,0.5359409027749125,18.731448450453627,0.0475,0.2880672726686352,14.887949122610573
294.0,0.0425,0.8545816003190688,8.890688907175715,0.1125,0.8281117722819736,28.73113683603771,0.0875,0.19369144411945946,15.754723542878013
295.0,0.02,0.6617045783952185,14.056840806986905,0.0575,0.3234652910346373,4.949124691250073,0.045,0.15392475612555487,13.444230697015595
296.0,0.0125,0.7689637803189905,9.004002382214388,0.0775,0.27249922102427226,58.861557258517664,0.0325,0.2358253935359442,25.929171828419967
297.0,0.0175,0.8554735764137118,5.7915828996341325,0.055,-0.3464095935760476,19.883169431743134,0.0375,0.1261434056576198,1.2543608031087676
298.0,0.0125,0.8012383576428204,7.93271003751477,0.08,0.27751374326675776,15.108155938701163,0.0625,0.1176942662861359,4.232358078023521
299.0,0.0125,0.9194725265521391,11.872403765627253,0.085,0.45811636223998736,19.494425671743716,0.0575,0.2970785673151397,8.227569905592402
300.0,0.01,0.9163610522183397,3.953123400663193,0.04,0.64956080424986,26.729972455542583,0.04,0.33231646075185556,18.012822068066384
301.0,0.0125,0.8517267815098282,41.79971883252932,0.1,0.2463521958967748,17.793003768838073,0.0375,0.15810479232605107,18.761138478182296
302.0,0.0125,0.7544702923490937,10.929911795275837,0.0925,-0.02083826943215345,20.223230681570765,0.05,0.13838295315676633,15.746505399489912
303.0,0.01,0.6199825547751996,14.421600417352314,0.085,-0.15202042444928404,9.666820235534761,0.0375,0.2527104177515671,8.877514845866061
304.0,0.01,0.7186001911410922,12.235560454387661,0.085,0.472744315966666,10.339501594366137,0.035,0.17763472945356787,18.36774728491779
305.0,0.0075,0.8725201021682686,10.682831211437104,0.0825,0.0948721809693233,2.2481570888524467,0.045,0.3453748466251238,31.402208449461313
306.0,0.0075,0.4911044927353586,2.7846093464156474,0.08,0.4768662618016249,27.504317246519623,0.0475,0.19337725309340092,26.395355168728173
307.0,0.0075,0.726213763058136,11.571859501730621,0.0825,0.35405858977669985,5.474549555243668,0.0425,0.4228107983542407,27.743956124925404
308.0,0.09,0.9719498854294348,11.893384059625946,0.095,0.37231419263011983,10.24249644864533,0.0475,0.34964166165228755,33.64727690047032
309.0,0.06,0.9083252971536165,7.0612502136884086,0.12,0.7063429108083192,7.406861726887572,0.07,0.20991710960466536,26.637822400133253
310.0,0.0275,0.7695122000051475,8.815600415786985,0.1125,0.4327745861354007,3.122685455829026,0.06,0.1768880850206045,21.747028220730552
311.0,0.0225,0.9387806323937887,26.613194599001414,0.0925,0.5636700682381792,7.758462831206555,0.0175,0.5049213696728547,54.7251897868838
312.0,0.0275,0.9571717780726685,8.29236077793272,0.0625,0.8405481386084996,15.224100312828481,0.02,0.6266859298194725,7.711315115478649
313.0,0.04,0.7817404793743642,2.6186875811391426,0.085,0.6369388498899891,16.433757637773486,0.0525,0.153788893045584,10.828921051219675
314.0,0.0575,0.9238585135561552,6.266336530557015,0.085,0.607926699543785,22.422421167682174,0.0475,0.40937862153574095,17.63421178515703
315.0,0.0575,0.9212083596623362,2.9297406027200115,0.0825,0.8105237740843704,26.70715533133913,0.04,0.572072019785663,12.349714194439327
316.0,0.0925,0.9084018585770127,39.43004797844094,0.0775,0.7356775689573235,11.024222383967594,0.055,0.49354988283557605,22.397694337450087
317.0,0.09,0.9565782196316283,10.161637426033234,0.075,0.7401401774932141,23.839104149133306,0.0625,0.4391055678859438,19.85641409674734
318.0,0.085,0.9068970840909916,9.156293547425243,0.09,0.7171070491651287,11.386666755703324,0.0575,0.4460012440106386,10.336146543064773
319.0,0.0625,0.9002167856368932,6.822044520641048,0.07,0.6796650734837493,28.130061514071464,0.065,0.5424512232856034,11.005950475423202
320.0,0.0525,0.9172047670628004,19.81565481122832,0.065,0.4439553814017325,61.26180564372805,0.0625,0.22583160963448734,6.629891300018179
321.0,0.0175,0.7175001541403323,9.700853611916513,0.0625,0.7499511186863914,11.956176108845032,0.055,0.30611118904499285,11.255835295042742
322.0,0.02,0.9459331323624202,12.744532007112028,0.0875,0.37175183180706145,17.283116019813598,0.065,0.33762454984164186,12.230007604114515
323.0,0.07,0.988949698451282,3.249807413979144,0.09,0.6306923028175907,23.285755524435455,0.055,0.20943161120932993,8.428450188832684
324.0,0.0975,0.9562830409093622,16.508693009244947,0.07,0.7175362388898202,18.125557599666145,0.0625,0.37225520869112605,9.449312511744456
325.0,0.0325,0.9278109080358566,13.374567167438197,0.1,0.878395546212098,22.439446784075564,0.085,0.20467534233804557,25.40426031217281
326.0,0.0175,0.8068012366557487,6.220036062835378,0.08,0.5617709530701938,17.934539176668373,0.065,0.3508224393192056,17.564022496817216
327.0,0.0125,0.8644451507700466,6.631676522485424,0.0675,0.5399161100775439,24.971515249100552,0.085,0.44863209583539626,28.30646993754804
328.0,0.0175,0.879857425279157,7.629565958849591,0.055,0.5401099353240332,27.016515536410143,0.08,0.2845054098249612,24.86278309402422
329.0,0.0125,0.8447862749179385,9.320854685679512,0.0775,0.6988067865124042,21.23457280279878,0.0575,0.21528371094279283,10.520915504974313
330.0,0.0125,0.9394457087892153,13.583030996593418,0.0825,0.53262334624207,18.843580357799183,0.0675,0.460671424757578,20.094559140155887
331.0,0.0125,0.8936092301044946,13.977857381923007,0.0775,0.5574907519744973,22.68083146682332,0.0875,0.43470463198140474,7.927205194088037
332.0,0.01,0.8693851513607068,8.221143136964201,0.0775,0.5577530496204477,15.436620770114384,0.09,0.5644652420762112,30.448274643670786
333.0,0.01,0.7337402743671615,20.105786827855855,0.075,0.499330060085143,18.78245608759647,0.05,0.3004672060246885,10.205519165057794
334.0,0.01,0.8501652261396362,9.654205138791774,0.065,0.7670784375786917,28.298147332620196,0.05,0.44212622973728777,13.631969017659175
335.0,0.01,0.8688180737404334,8.718965847641538,0.06,0.8433356904600096,3.8051997248869576,0.0425,0.424367504143706,5.98797070175154
336.0,0.01,0.854393878236414,14.22601619409426,0.06,0.6360038007471864,14.837281331227288,0.065,0.3371695951662858,12.712001068965595
337.0,0.0125,0.7940535961640579,19.642509983134346,0.08,0.5989152618516712,8.79097062942648,0.0825,0.5329812819714206,10.330840370561825
338.0,0.0075,0.8512709864385233,2.279038725929218,0.0775,0.6674980252356676,25.8906951125239,0.0625,0.31967100135205306,34.96186574631344
339.0,0.1,0.9765775503118946,10.626079296760567,0.0875,0.7140508132504819,9.270023127015893,0.0525,0.4286953291194611,22.732900043879315
340.0,0.05,0.9064133017413798,7.386004410227608,0.1275,0.7992986664698856,15.573090165467192,0.0825,0.29205219830803225,35.26924778464587
341.0,0.0325,0.8136858782157149,7.747901338337226,0.1075,0.5893355287273967,25.91664869518686,0.075,0.3541262096914599,7.846974979991455
342.0,0.0275,0.9384674623464537,11.48411190780596,0.0775,0.7710767196062362,12.735001045681875,0.085,0.3711028523585199,30.099804743710155
343.0,0.0275,0.9268305104704623,12.437698783686423,0.0925,0.8242710206417688,16.310143975009936,0.0725,0.43536797384460757,23.91242132761214
344.0,0.0375,0.8222048175184486,1.4760576048709266,0.08,0.7758207088901115,10.20716742989057,0.05,0.2639987492385253,18.145693168542362
345.0,0.0675,0.8843309145688001,10.292280344152152,0.105,0.691162453930737,18.882024200765873,0.0475,0.5537644151893728,18.326984404866185
346.0,0.075,0.9141733718990608,10.191657351453884,0.085,0.6967010464879487,27.84602696677402,0.0625,0.5407564389317889,11.11135969400715
347.0,0.08,0.9331487697909758,10.743620586015709,0.08,0.6107575219671957,25.279356788424696,0.055,0.4415224016453944,21.034899088593416
348.0,0.095,0.8878975734567861,20.154821424384792,0.085,0.8647877083795871,9.493087407228561,0.0525,0.36383695055749,5.854839866114267
349.0,0.0675,0.9413463410544785,2.421414997917787,0.0925,0.6630873754954584,13.331303145313232,0.07,0.4145695221032806,8.175075646244057
350.0,0.065,0.9308993026380634,2.2492374331731932,0.0875,0.3821449321358313,12.022863133391667,0.065,0.2933350728738629,6.017953593295321
351.0,0.0525,0.9312899954176882,19.255407538923222,0.065,0.32391469105383774,53.44926624154121,0.05,0.21588509582625146,6.2068928702376756
352.0,0.1,0.9669688373072683,12.102848027055366,0.0775,0.758984092812268,6.497362821029738,0.05,0.4490060016316119,12.578480472573839
353.0,0.04,0.9361204038490755,19.34510636425013,0.0775,0.3960300275184615,13.98899196429048,0.0325,0.5038738487699318,19.730649586227955
354.0,0.0075,0.5775893367755952,8.12659942873838,0.0425,0.5759197582764881,56.21457188507469,0.0225,0.46022296926670647,56.81247713272136
355.0,0.03,0.9248890528481537,0.0,0.1225,0.49111342372728545,8.109864809001136,0.07,0.3431178550985857,21.008671396415302
356.0,0.03,0.8903668620946593,18.57073946810764,0.12,0.538081355224287,6.312895864874202,0.0775,0.24085647563153945,15.662259153744959
357.0,0.0125,0.7108794728223025,7.260769302119245,0.0725,0.4353927560489397,24.13933543609489,0.03,0.5490575652332502,15.74205105408581
358.0,0.0325,-0.10470705134246495,21.380071423642285,0.075,0.6521711019226459,3.732954825693397,0.0475,0.5847586404477055,4.980408010546294
359.0,0.085,0.9835177777263785,16.99682906543179,0.09,0.752268260664689,8.941279965094072,0.0725,0.4834344795151554,8.791378524740487
360.0,0.08,0.8971250957620971,24.776501874015718,0.0575,0.8266528249872169,12.042294409868187,0.065,0.3762439110211986,11.822154016515384
361.0,0.0175,0.6695216567144957,15.98713384089438,0.045,0.867552603153739,25.66897216002615,0.0275,0.7173828199651859,28.016164586245452
362.0,0.095,0.9381539456356468,18.356158674196045,0.11,0.4286911880009101,7.222937769940426,0.05,0.2255798422539724,17.149947468253487
363.0,0.04,0.8365871543807138,14.688867409914515,0.1075,0.6695156078887831,12.422701603775204,0.05,0.17062604436835263,22.565031674831445
364.0,0.0125,0.6183817745449341,39.87406137029077,0.11,0.8699991927493844,5.163373837639872,0.05,0.48385811637074483,12.345180785505612
365.0,0.0075,0.26036482772527386,30.12787240661634,0.0925,0.5006045346256446,7.35703285081178,0.0425,0.4671981366008157,8.546420862105425
366.0,0.005,0.35054318281630564,21.6812359536808,0.0775,-0.13587472388402516,4.539628043738074,0.0475,0.4790650740374602,15.845041072102354
367.0,0.0075,0.5429000216427541,37.50721914860605,0.0925,0.5336775028076214,5.494867527502299,0.0475,0.2768884888675581,6.184002271962874
368.0,0.0075,0.6445565530540643,11.079997638114673,0.08,0.4825190506525297,5.243754179721427,0.04,0.5846079006844568,11.64936555845015
369.0,0.0475,0.9799443542283174,0.0,0.1,0.783195090810526,10.25673207968717,0.05,0.4142325262110266,16.25054089172928
370.0,0.0725,0.9521539012773125,11.709780268776635,0.0925,0.5052774326126462,9.348885138322222,0.04,0.44914841833546054,24.99476143239758
371.0,0.035,0.7974722322181333,18.958304201443507,0.1275,0.6457670609579569,10.851428833772472,0.07,0.28545535404387556,14.485536731110235
372.0,0.03,0.8840325043916588,10.291248114817988,0.105,0.6353177247713317,6.710345807260393,0.0475,0.5049720818705664,16.62226792386293
373.0,0.0225,0.8921584239993658,0.031372473480043045,0.095,0.5129692799950715,6.498194220537259,0.0425,0.5143721899857083,11.686265706777103
374.0,0.0275,0.8778897333121102,11.637216401234873,0.0725,0.8254162902211536,43.93676459961645,0.0275,0.5204437366886031,33.655387452470926
375.0,0.055,0.893608476072789,9.605999362947328,0.0625,0.8367792332638835,13.37495171739536,0.0525,0.17292416627124826,20.53240915503126
376.0,0.0575,0.9090846689840084,22.40082107327579,0.065,0.8802209356104947,19.596860527099103,0.02,0.5309359635900543,33.44581688548026
377.0,0.0925,0.9527084082960077,2.9185374022298465,0.08,0.885581971364484,11.99368677996799,0.025,0.58374837126287,20.186981740377096
378.0,0.075,0.9306832827078719,2.1115839067336406,0.085,0.8915429415157072,8.76320374945352,0.0375,0.5145458064194073,13.25933913691318
379.0,0.1025,0.9232606828241259,12.636691436668638,0.1025,0.6427051711185598,12.74255473275449,0.045,0.20082955967279603,13.62453732203711
380.0,0.06,0.8796751893499459,1.7055075975996281,0.115,0.4063831840137337,13.763701573438707,0.04,0.4012910121795081,5.730395272574418
381.0,0.055,0.9214104935082323,11.523641784618706,0.085,-0.10746053420376547,31.41866485704384,0.0375,0.20550082859748006,10.642136013581872
382.0,0.025,0.7957905322590783,22.634271755497434,0.075,0.2565502227142227,8.36153242439893,0.0375,0.13452261761724427,27.56042791725452
383.0,0.0225,0.9142994604005789,43.39583303695128,0.085,0.6033960160466728,11.924860876008976,0.0525,0.24051811842501608,12.43309174198651
384.0,0.0175,0.9347001687424964,18.76031023646611,0.12,0.29972570705362606,12.934235392760096,0.045,-0.035257533524508604,13.532539957079832
385.0,0.085,0.9688703491191506,9.711572683535605,0.1075,0.3102007401808345,12.338919149088428,0.04,0.21412743288825678,9.523674141082001
386.0,0.06,0.9204207397566155,22.29223684681329,0.1175,0.7184595680275305,7.416312169061035,0.0775,0.20760674372693683,16.7028718142107
387.0,0.025,0.7332908643140945,16.944982761756652,0.0725,0.5439117352825106,11.609578365109064,0.075,0.15949623984751324,18.611243479428445
388.0,0.015,0.8534651197792388,17.601554962344107,0.085,0.37451554411995863,22.984586196496384,0.0375,0.33921484268376717,9.818720351115282
389.0,0.015,0.9311283470012114,20.208030765792188,0.0575,0.5504823360342029,16.71568307905172,0.04,0.35334583075100473,20.471776056084888
390.0,0.015,0.8244573308999543,7.1553810192761755,0.0775,0.0907616600748485,24.718049107241583,0.0625,0.14200146109547418,11.216443829022998
391.0,0.015,0.8941962349014229,4.979298098214205,0.0725,0.46934868375326705,2.7991881723247514,0.0575,0.2798348719461398,9.225197274774455
392.0,0.01,0.8830158356476149,12.360873348481828,0.065,0.499617381328716,17.78521688500335,0.0425,0.3238360875364115,6.21741520269262
393.0,0.0125,0.8211596309439502,5.8530863199349215,0.1,-0.016972803194078907,2.1756665744498056,0.0375,0.1292656361638595,2.7586337117876507
394.0,0.0125,0.7773091885666032,5.790421392697356,0.0975,0.5450522381372043,5.734829471217752,0.05,0.060629133315113166,8.634785269658924
395.0,0.0075,0.7151094160020148,11.484165456050997,0.08,0.13879135751198485,10.61230382223004,0.0375,0.021403889616464895,19.669285399917737
396.0,0.0075,0.735783557624398,25.4801197026773,0.085,0.20437436181981714,2.3944986255134566,0.0375,0.29648310225786,16.879552249978605
397.0,0.0125,0.7434143085349934,13.106912015976233,0.095,0.07044452141359189,9.975001892643805,0.0325,0.1860398289275877,7.950289797081604
398.0,0.01,0.6768628233429759,1.9372840469569965,0.105,0.12178524383600098,4.644231904993358,0.0475,0.06440406536744663,18.482539578534315
399.0,0.01,0.7833246832859748,17.866225521720867,0.1075,0.40472331228286956,5.45589857100498,0.03,0.21506325440718813,10.266165468714588
400.0,0.0875,0.9903651700794548,9.288249675101387,0.085,0.10322274433600678,21.39054160395398,0.045,0.27857997828084213,34.527710777980566
401.0,0.0875,0.9347827793807745,26.37032266906199,0.0925,0.5544385308046598,3.6565427513123767,0.0575,0.01887300675291747,16.190413728599875
402.0,0.04,0.7770409239952343,9.35894749405424,0.125,0.6047957614299719,21.00784854563063,0.0675,0.22064596770672482,23.050072079978055
403.0,0.03,0.8134445495368687,15.154737260427286,0.11,0.3311320508279056,46.062710184274174,0.0275,0.16569685426393102,23.005503114531418
404.0,0.025,0.8696769161320558,8.998966226108244,0.1,0.33246721617978525,38.883802763999334,0.0275,0.1006946980952473,30.781430895523133
405.0,0.025,0.8281193129333718,23.287952007708128,0.06,0.5986362173513016,27.0762114380525,0.0425,0.01629451301241278,10.106076839075568
406.0,0.0575,0.8858040914172526,3.4920224225124175,0.0675,0.7746253135086968,10.376877872299959,0.055,0.23349851645450914,19.297030779226844
407.0,0.07,0.9162665957764224,7.61852186641943,0.07,0.8180310627862606,15.68926680974479,0.03,0.7639419862057238,21.110517395476307
408.0,0.095,0.9538652240865091,4.337181174088745,0.07,0.8493371402918546,20.981122672532674,0.0325,0.7920935098833011,4.229411026049593
409.0,0.0875,0.9363790325210362,29.49148122725326,0.065,0.8775105072430286,13.221214794034719,0.0375,0.5826050224148026,18.603683588257894
410.0,0.105,0.9021613529941767,16.67620773369972,0.09,0.5577543290368148,7.987709710591249,0.0375,0.16189592045086626,10.20588300303305
411.0,0.0575,0.8930527137268581,5.020219652684972,0.095,0.24739497860028406,28.31060514291957,0.035,0.17244301784279692,13.093851055219886
412.0,0.05,0.9159048698692365,7.539065891735675,0.0875,-0.20150492092569286,19.981317566789414,0.0325,0.11579844897800053,31.84593119466082
413.0,0.0275,0.9053950186481037,8.40312003104249,0.0775,0.49230205686195955,6.791803875263214,0.0475,0.15872585104447454,16.767747219480643
414.0,0.015,0.9475984534817381,34.14002529900819,0.11,0.23494271776310238,11.702273276378953,0.0525,0.24100250339091442,14.226535063381176
415.0,0.015,0.8898080238236679,7.686745646881434,0.1,0.13605445288287552,8.546480333327853,0.0425,0.052935440835436706,11.335769737884034
416.0,0.0825,0.9612219321488475,5.771189254619883,0.1,0.3589337318251197,24.452776987811056,0.0425,0.17150492493494734,19.02416075791396
417.0,0.0525,0.9229113350972885,31.13180444913626,0.1125,0.7285769793249877,15.443975835382577,0.085,0.24015746680290176,19.94245493227121
418.0,0.02,0.7311864916990376,18.661310190174994,0.0825,0.2734628761693617,4.9787594358790255,0.06,0.15514047970439226,11.089705096207105
419.0,0.015,0.883357003088335,5.42758703881645,0.0825,0.06111839190443471,26.35415514897535,0.0325,0.27441195992019185,37.77701223039784
420.0,0.015,0.8928222973333935,19.89722993694267,0.065,0.4026268457716943,14.170815951594314,0.045,0.08372342243849018,29.839123444176007
421.0,0.0125,0.8732509543138404,6.766087256201182,0.085,0.18168600242715818,9.55736693371803,0.055,0.16498236443374392,9.837745714301159
422.0,0.01,0.8198383698556927,14.86541617690376,0.0875,0.21611902610985614,16.174040796958952,0.05,0.3374947229454059,8.570950214459076
423.0,0.01,0.9087969775022732,3.053900210055989,0.065,0.6051926883458285,26.511404251990758,0.04,0.2850452839194202,15.390003622487718
424.0,0.0125,0.7994014375362537,29.524978602018358,0.1,0.0918895521147617,17.14466909287,0.035,0.19990811315608198,32.11206160249837
425.0,0.01,0.7769951129247167,3.795643659480775,0.085,0.032580699376127654,19.179113895905225,0.0525,0.044112294473875845,20.514503076157816
426.0,0.0075,0.7982699995388174,31.092213967667085,0.09,0.05351810012915742,3.3010262375933537,0.04,0.12215731306341307,6.371489005378224
427.0,0.0075,0.7902941896580199,8.621560954336307,0.09,0.3322051424242465,5.951975416467907,0.035,0.18803403159767204,8.513109276979344
428.0,0.0075,0.9052769852205725,5.283072001247248,0.1025,0.4794753881453627,14.771680380206536,0.025,0.1548316751835758,18.396597564827434
429.0,0.0075,0.606985572060422,14.349958047931576,0.1025,0.5247436021903875,18.763213936510297,0.045,0.26119589568909196,8.424150535103314
430.0,0.0075,0.8314266956213302,9.510859189614072,0.0875,0.049917067613924164,28.026606639005266,0.0275,0.41675192533713523,18.92219646717191
431.0,0.0825,0.9848204384079253,0.0,0.095,0.34074549274184096,25.38877284307189,0.0375,0.09729178520502138,16.69768907024988
432.0,0.0775,0.9120168536271981,12.382323056009385,0.1225,0.5513272948093191,11.728709084028612,0.0825,0.28068217348135766,18.171505312086634
433.0,0.0375,0.8710969282653145,8.488150370036738,0.115,0.13043482776609522,15.831350603772425,0.0625,0.17606487218131725,19.32551287246702
434.0,0.0275,0.9279370269843538,1.6580934857721095,0.115,0.39596008158834417,13.75402164311117,0.025,-0.03912290704952648,19.287347792864175
435.0,0.0275,0.9526699709536813,12.816392724506615,0.08,0.6257393065692795,7.806807088731922,0.025,0.3196715678873679,19.958791128067027
436.0,0.0225,0.8881605116142718,20.871131641121977,0.0675,0.825848385459165,12.621677672757958,0.055,0.23634060470069876,18.441060369323846
437.0,0.055,0.9099873181555207,8.832903533701447,0.0775,0.7315983650894462,11.58496160444922,0.04,0.37401691803019027,16.611237257358397
438.0,0.06,0.8997800558045389,0.5505180560896729,0.055,0.8307827128837503,27.49020022549935,0.02,0.568410064396062,12.607681799303549
439.0,0.0925,0.9124407275876019,8.494433729060981,0.08,0.7081008727759173,11.105749869795936,0.03,0.3358563778256581,7.848236210308626
440.0,0.08,0.8818731120550646,6.867971043675276,0.085,0.6412728116782165,11.087550822686563,0.06,0.35312743611863817,9.166279010489228
441.0,0.085,0.9608031534175024,3.8328146007543538,0.09,0.7143441718458545,14.352181842194465,0.06,0.40082846153559415,22.272516555895706
442.0,0.07,0.9288391528653519,10.255308603133681,0.0725,0.7466385676746183,11.700504877346303,0.05,0.5354108724176718,31.243388834135615
443.0,0.06,0.910674929514241,50.649546431681074,0.0975,0.5583458930618685,24.307438752335194,0.0625,0.35948601948115433,24.187664807050268
444.0,0.02,0.9406481583295896,46.0674293188339,0.055,0.7597996740070323,3.1666119756987126,0.0625,0.2640338524625807,12.923245925798206
445.0,0.02,0.9409776794165498,9.507949594683128,0.0875,0.5088173697633352,15.146336324031836,0.0525,0.3334997292551865,28.361108271847147
446.0,0.0175,0.9803495892008051,0.27491603461170866,0.055,0.4918488332219234,17.599829786101353,0.0375,0.10209950978243942,9.706179646757594
447.0,0.095,0.9608827409780861,7.917303183746452,0.0775,0.7706458680290624,36.8046223295717,0.0475,0.34448181477957535,9.759484179980918
448.0,0.0375,0.9321931289014611,21.093814206481305,0.105,0.8596976127213953,8.25653118652786,0.0875,0.20307758975234577,20.19588191546767
449.0,0.0175,0.7921523213276296,19.600244533297435,0.0675,0.6712597916649519,12.275537592619125,0.06,0.3894392097373041,15.18959332670323
450.0,0.015,0.889975069021973,3.673827898371092,0.06,0.37138858929689256,23.840282058154564,0.07,0.3940379332877372,21.509941762175124
451.0,0.015,0.8737006352509887,13.13195421270649,0.06,0.6720660618097161,9.305897846342825,0.0725,0.13305974939271908,24.170630644027007
452.0,0.015,0.8716906058967291,49.33364097676558,0.0675,0.6937641119859206,18.777847329881293,0.0575,0.2570388578185844,10.689831372276778
453.0,0.015,0.9523475228451951,14.22217970995938,0.0875,0.750918761707742,10.630670756744449,0.0675,0.4808206284725128,33.43886116722007
454.0,0.0125,0.8873302778567623,9.692039271168703,0.0575,0.5080536190575051,25.97893213069011,0.0775,0.3654809964005988,33.016661625442396
455.0,0.01,0.7721575328589763,31.00968798857363,0.0725,0.38506377736438036,9.148246068559086,0.085,0.35885243323395777,11.844075444372173
456.0,0.0125,0.8952220341935283,15.909345522632862,0.0825,0.6346403233767156,15.326537615669558,0.05,0.28404380141101865,17.827297447725233
457.0,0.01,0.9177518415367075,5.617354251563467,0.08,0.8209713446015668,22.48990926435942,0.0425,0.4398286941042363,18.07112455358967
458.0,0.01,0.8285604155562862,4.343112392354137,0.055,0.8433031326466511,21.980526084276043,0.0375,0.3874308856799966,74.93390752899407
459.0,0.01,0.8894255544677866,13.385502961750346,0.0525,0.7175564306524597,13.744376342343829,0.0625,0.37371327899343526,18.341697571683014
460.0,0.0075,0.8006643007203811,12.615097404122695,0.0625,0.8460208171621756,18.18169159146216,0.0725,0.5344336817713873,18.989580978298857
461.0,0.0075,0.8697568006917124,36.3199916689675,0.085,0.4713981349139655,47.3774238434232,0.07,0.4910316442994834,46.385387906296515
462.0,0.1,0.9652219265214188,8.538349264077393,0.0825,0.6792844841869407,17.72712169930642,0.045,0.3696356035055569,13.769859207181359
463.0,0.045,0.9124697360814862,7.6749838908353185,0.115,0.7085030341297377,18.857729193160893,0.08,0.23297290276085944,22.266507990811633
464.0,0.03,0.6510763902207831,3.4191096052776566,0.1025,0.5676028809094847,28.871951212417606,0.0725,0.3599728097322803,12.557308729530225
465.0,0.0275,0.9348391339487094,9.306199205317382,0.07,0.5465793713528811,26.096406637942266,0.0725,0.4538056746590515,19.216625916434122
466.0,0.0275,0.9492841100877859,8.660203138767619,0.0825,0.7453309439162185,20.64321296770502,0.0825,0.3912533388286164,19.427716605133895
467.0,0.04,0.7322715410264259,0.0,0.075,0.7301799527872785,14.24503689372952,0.06,0.28601822359374446,17.660584390500404
468.0,0.06,0.9065385568374914,24.81064738169811,0.1025,0.7209612523489373,13.105364633699931,0.0525,0.5889428397212895,12.194948298156472
469.0,0.0575,0.9099625234619998,9.66204567467982,0.09,0.7260236836677118,8.367660858588145,0.0625,0.5586046768344851,25.175736745782295
470.0,0.0925,0.9558875873191374,8.404879476559481,0.09,0.7638138948807395,22.395085502528673,0.05,0.49800138600738647,13.471967318796125
471.0,0.0975,0.9346321088519658,5.208923004524762,0.0725,0.844866460376268,17.252748129982372,0.0475,0.14525144199251386,11.755702303629125
472.0,0.0775,0.8961162515784344,13.398653420653533,0.1025,0.758107140951051,8.450378505018104,0.0725,0.48257559165544156,23.011671068620423
473.0,0.0575,0.917722331157553,32.88190418514406,0.0875,0.4937672277769157,7.976067745978865,0.065,0.3664607548643362,11.60792091762302
474.0,0.0475,0.9113255096255688,30.121888601474055,0.0625,0.44810808636800775,33.11119432828919,0.0375,0.3948104449953364,40.03068831993949
475.0,0.1,0.9724645045392611,20.570655541718548,0.0675,0.7193398456366741,12.337549563321383,0.055,0.2035262400492758,35.19870352722928
476.0,0.055,0.9034298432421363,14.242567971252736,0.09,0.4791455693148609,19.472968969295327,0.035,0.5286558962416479,33.3300442121457
477.0,0.0125,0.751019573132048,7.390119229514775,0.0475,0.6863863695355558,9.09183831447217,0.025,0.18761148313372814,19.48032930268971
478.0,0.0075,0.6216829271076326,19.24869498659011,0.115,0.5344889920809426,22.85145013249196,0.075,0.42914732374376824,2.2264746979121837
479.0,0.0275,0.8515075459668341,14.038222369595367,0.1175,0.4774737452074668,35.54240868255696,0.0825,0.256672180077153,16.082707967742024
480.0,0.0125,0.806922548081847,20.151527838524608,0.0625,0.4781196308064769,28.02985878104797,0.0425,0.416574428465533,26.62057241685495
481.0,0.0375,0.3341344134127124,30.995970382308784,0.0675,0.4194648701726991,26.183915394473026,0.0375,0.3809144567803976,15.246978455424872
482.0,0.09,0.9883882354370576,2.26885182618561,0.075,0.21111680810962957,12.381009076987507,0.0725,0.4632439009292408,10.798508606060832
483.0,0.0875,0.9340128864733057,31.24728892829033,0.0575,0.8210076369308418,19.338277840255437,0.0575,0.245387552393506,15.570680966481504
484.0,0.03,0.8010573161624447,21.718664231776255,0.0375,0.8074009426503977,42.42764254146764,0.0225,0.2523690292558641,18.572523083707985
485.0,0.1,0.9478316643038224,5.093550824096824,0.1,0.3625802187642811,9.882780318180705,0.055,0.2201586623422682,18.57098030552207
486.0,0.0775,0.8253095886026371,21.91122324594555,0.075,0.24201838815664045,24.28819580564308,0.055,0.1735044975139589,15.520064600070896
487.0,0.0125,0.6454182379593665,17.843861154684554,0.0725,0.17470326204316083,5.483471716033468,0.04,0.241995696579503,25.41815406164849
488.0,0.0075,0.5127174428233722,1.3721162641997908,0.065,0.5595962693428412,22.45033793926033,0.0275,0.13893301242014391,11.515472660378927
489.0,0.0075,0.4500851819298736,11.249325730207643,0.045,0.6187974031963094,13.202361246938473,0.05,0.2970037086743379,22.697716482270604
490.0,0.0075,0.49011494251130655,0.4569477096409382,0.0525,0.645262162903784,9.637445113878304,0.0675,0.09585674098914844,21.89524124891389
491.0,0.0075,0.5260367889216397,14.032084555586195,0.055,0.8394271908909366,51.60758351506316,0.035,0.16857677533731774,21.99308465864897
492.0,0.0075,0.4796111467591571,11.074018258904175,0.045,0.7677744813461358,10.64100949437444,0.0375,0.17772006690433775,18.430927028202063
493.0,0.1025,0.9606653241459331,20.69307216143846,0.08,0.886282301271085,30.10310627493411,0.04,0.28883172863917056,29.72830757707811
494.0,0.05,0.8947445264171378,8.98666351831195,0.12,0.8446801946217938,11.42345671990448,0.075,0.19183690784362262,21.261552131914566
495.0,0.03,0.8757278443097372,10.343366085346865,0.0525,0.7990038062309248,7.445222947467727,0.03,0.20836162899470623,17.813992691145646
496.0,0.03,0.9527600067074682,39.25988599238416,0.1075,0.9276010204550641,32.00756618782974,0.02,0.49273818176637724,10.497764109625894
497.0,0.025,0.9375864069431596,5.90543011511525,0.105,0.9761895196918725,18.00605925561159,0.035,0.8771554785624621,6.869595244747511
498.0,0.02,0.9256899022656692,4.02876657843776,0.0875,0.9094840651659023,3.8500707550538165,0.0475,0.37785570545624064,18.00598081907361
499.0,0.03,0.9685301722693365,0.5091718732768894,0.0925,0.9165702424595307,16.99655805647768,0.0475,0.8407002912131616,34.41168094932613
